1 15,34 22,28 8,66 3,53 9,32 4,1 19,13 14,54 12,27
2 10,24 14,29 19,59 20,8 16,20 11,41 6,28
3 15,60 10,63 5,57 22,37 4,11 2,4 1,26 13,13 19,49
4 3,26 8,40 22,39 17,53 14,12 6,48 15,65 11,30 10,24 12,63 9,40
5 10,13 9,60 17,36
6 4,36
7 15,62 11,49 17,12 21,59 20,59 1,38
8 15,61 7,65 6,56 10,6 14,58 11,16 3,8 9,11 5,54 4,36 17,9 18,64
9 18,39 10,18 19,10 7,9 2,56 14,37 4,62 17,32
10 1,65 17,15 6,7 19,65 14,46 2,52
11 7,36 5,43 14,34
12 8,19 17,62 20,47 4,28 1,31 11,7 15,20 3,11 7,61 10,21
13 22,55 7,8 20,12
14 16,49 6,45 19,4 18,33 2,16 3,22 15,61 5,53 9,53 20,19
15 1,1 8,53 14,26 19,57
16 18,14 14,30 6,24 5,61 12,51 8,22 11,9 21,58 22,18 1,51
17 9,26 6,17 15,66 12,2 11,52 10,49
18 13,21 12,45 2,58 6,4 14,13 17,29 1,19 4,57
19 10,45 1,58 4,66 21,34 5,19 18,18 16,16 20,20
20 21,35 4,40 19,59 14,46 5,47 2,1
21 7,11 2,53 18,50 12,32 5,50 4,46 19,59 11,43 16,35
22 15,26 10,26 1,8 17,59